859438319
394117373
637261803
673931000
211446750
838735419
903042897
278658941
280181158
068903874
136567720
238682283
151411471
675701146
647210547
477476010
712504217
675145419
626641481
935180532
455992528
067632535
804375723
457472474
980265667
079005967
576290989
774164535
797152792
072877472
123114217
096515597
453511106
493152256
084990865
921780168
731589592
394266514
223944739
056837483
872646979
126339764
222646220
286518758
447641168
454791653
109559239
588916767
210865739
742352881
555438988
635147732
118062499
602123066
428076766
586460936
072696717
107295577
292465398
617184862
770028597
033351081
784516398
047127605
075053521
031880053
913101125
898516995
967745881
646491069
530823292
419563236
219742965
149408629
948187358
871405922
223236084
810575323
163776143
387251578
223934741
905525810
910841358
012861901
993438883
766900655
704070721
022188686
568763125
755155127
200184274
612775980
220147953
451897395
293805724
572251163
055317677
472410862
113933608
391447263
656303043
821562469
275692601
058986746
175248694
964594540
316673082
423788678
260992651
115929185
673391021
728995886
106434650
398460541
692330858
107017513
065126633
174162346
016222783
848714889
803292886
173256349
722245402
527015636
541493334
498959059
430294327
938853659
052686661
717949102
892024425
765817093
012193980
836439835
515722076
898851947
350889622
830688601
760367633
456629484
023496522
892044683
186976433
588961771
719288358
145233015
300392705
205847702
258388970
330721150
589744014
978938438
243164184
705970883
916865119
159508474
216986252
421286943
792162974
492104691
303809771
704594426
513998204
391232556
567396187
115127372
159339909
671339965
299442769
377319907
290323964
299928546
937342109
932594342
126894786
129379080
976348522
020401957
210526293
229411415
245605444
543608618
325137346
369101392
181607401
599679338
270763732
869169959
781480669
461479737
522543163
954004390
232574645
636526414
421937364
494000940
756062422
409400437
557483649
085231479
932147677
288572234
169527019
088776118
319828775
288406532
359501857
315659876
741786051
011147977
070830092
612975500
799214978
257490517
622645777
818836495
597694192
650546451
685895866
630147819
473275015
954456784
239825049
898295047
042074898
731841157
369693328
804375397
076606424
104345537
153360933
047531367
297481970
055469702
744149260
979166873
770613267
596140032
829747813
978914486
050616269
533165865
079093419
178363621
172984176
394704375
663043181
800883930
104891214
652871279
718247562
521451239
363616872
417347825
764399873
313919367
514981433
047498422
465488175
262439856
184451551
723561241
851274799
831498740
227785885
810932046
283784711
444754786
816137959
538796235
563353706
955567792
777748597
474140266
036615488
990855331
542688463
767885586
269056934
237286115
963865805
725258324
458348101
937823630
263198342
747462382
484920164
353794875
404929685
758093506
798856037
475388414
985506780
338352932
955079661
948678967
967285305
297054006
010843645
006238108
861973403
930491953
429456905
365946413
840328714
620931591
867593823
684160117
326450479
488397026
653692895
369445038
537808371
797526217
458427404
699339881
949612763
457919996
150709166
821166033
778186367
814472115
015828577
953572939
514409638
888107266
222277590
655057535
698980922
803563515
249355866
112764093
956240437
980476459
786484841
980700823
091975451
481809465
762214688
835232441
522517602
802102120
128397021
563419228
229995968
507297763
594087482
301526913
958749129
067316568
237464138
795072169
065145881
953226227
676924570
729660794
546949042
639685780
669018962
481229061
757203935
783459392
225263038
088298690
657551312
703969254
207745955
006392847
034444021
456116558
608556713
372473121
035589947
651351460
209511880
493325730
370878050
675434200
726019450
421865549
228160618
453281707
841775123
262232281
953879603
519368972
101121663
553238338
331863919
477473585
855755124
922936555
629419017
845866809
278502017
231851590
628747637
444605508
338124473
968097233
661898982
837943824
292413108
071250310
310878612
687935478
456284718
834262081
522147387
133913889
228696294
200013378
009241016
071813545
840162646
131567828
969778269
119506620
030634976
204206516
418298628
944875699
316806607
339672024
487170528
558876967
037431462
197458175
280710523
354741123
842596227
819636752
223755958
701560492
086828311
419949346
537406941
733369768
420038477
117830305
957345620
173947216
614545122
597885096
490797458
127611891
752572038
733018195
875899343
930342369
361437255
226832383
269115361
235723079
200148950
661791769
955474699
793986274
018315049
581650728
023420767
076457506
098330633
988758905
170367651
840123135
219266902
756437781
736953271
807474305
460812769
488345057
984165519
550846687
833229069
026188644
349732498
006845716
776844322
808234345
230604945
825265101
622551957
747031748
382650281
707686403
907393192
554204329
175473166
194789788
062155657
858672004
971000541
078218622
540255240
151073241
456737208
145980771
562584332
636404483
412876656
725074610
139267950
896348534
873477307
750828346
091614816
615826315
681689226
866214598
385945481
213343443
323453105
527809451
283146039
887195246
762527567
868252143
420443100
808802683
658943125
940814695
536264579
012078205
701216901
219363130
734865412
539249014
065157366
621183159
054684912
746358959
702716558
899596168
188008517
793085912
336299309
452731767
613810823
701949017
478933507
457284722
628586256
575357322
949127645
049656880
295361584
025551116
531792924
390557135
773890527
904061918
978226985
847697288
814514452
643541760
790207483
227557744
397248319
717179567
515305938
138679195
210337771
972122777
369816773
465639665
635463665
962096663
996060775
305877823
250405105
426782406
930659208
634464236
318414692
230917548
357819923
622672093
725671770
372854470
667681264
706116596
187929703
241901146
742038450
314432623
058358222
919252674
469245457
576919832
055662758
068135559
404910576
032417735
889583755
740251499
388826352
057792604
960172335
239417407
171002223
025697368
040545265
716663363
621652375
439151547
466495227
073081502
604551208
465354871
591988027
679885201
742054465
072412073
246861054
783192049
569680570
830472394
244310052
144316538
083645309
400707273
769801574
348147661
846092708
981311959
827366672
918105161
126507704
854338078
034582728
045121404
336071123
753708160
931311650
440136474
479887893
785213577
488248446
296416697
807664009
658449968
445512699
208062512
805385651
367635630
310808164
770271742
145286310
152935553
282155216
716051089
700917691
386344664
556145620
613272684
128082964
434437324
421045151
063103863
934003013
607404914
719771003
823601820
891445244
140991330
907097804
099080708
049403722
101011672
543002215
080595156
981132230
134765211
226606225
660905257
354767688
460858236
108286060
804928201
665282507
236292238
147379009
721221605
753166806
958223235
290647551
763059319
508668677
763026359
561447595
311090087
898774507
193551522
043065349
485402312
004087511
864797272
078949451
170740466
659191593
492689456
882880991
181214403
986307615
038063111
340737739
991917679
154331254
411709865
063722468
631913797
577980478
276634119
203521536
778814293
248421055
077841910
722459290
682568382
568136759
118739727
211498568
674018156
833053299
216716235
424626734
665155808
860363256
229592623
372710864
212857315
710551231
998150218
017763796
010820988
339257154
762095755
426913468
376412473
718987896
535837994
258379112
103564904
725387584
888880144
196108823
066048870
295040206
586299284
126431501
781157125
550195273
098395318
627801100
629294842
151735595
147586624
499880129
945877538
847692807
530585355
521609205
040585495
709063549
546869948
999838773
709986211
231855801
939927854
443991267
185424798
464853718
603809031
015166873
500747722
918552228
081219991
342007169
376343803
296863843
147281135
619613909
840834881
997101793
307968371
204666396
733550420
560767974
620013164
708283203
423766990
974686573
307947433
560193614
870263214
431693417
856715803
480271654
605254478
337279697
881223717
826243979
346272954
968963069
787931653
615388141
740452564
919361507
090848719
814118662
643904432
753227747
070377837
137916181
916077925
638354625
962333455
400407470
729892445
605538859
337668012
948311911
006266462
908743768
761865728
262504168
031506217
287489703
771983252
967639981
341845251
964478719
018414146
138053982
393138492
708909367
467551927
883507888
902378817
356443546
893860921
388934937
040705531
836992146
547468473
818628320
897603434
569206646
257044501
975747898
471552310
481892637
984164653
126575561
639126942
714064463
951653502
453320286
748134433
968361258
422002972
274578765
629777719
020135439
616340043
591715702
227232638
473220263
605301954
872145893
968867545
156586596
444457148
502555527
638147173
399198376
461826550
359198363
139904431
661298540
062679648
028647442
699753976
122884973
639269674
302130454
590784795
757905140
152938374
243878381
862384466
585343570
845292487
517168811
610520264
326954407
138655124
204765519
524562722
168714466
415528169
345580753
124497394
362336176
774094284
441828057
156018930
164284909
378087974
598304106
503468883
627431511
855276204
626630659
368544892
080197903
100050705
762869251
565287019
018859678
358961424
864853482
557611603
287638703
960278384
638673607
459875244
921567200
543129836
185651718
850475635
167924773
117584215
953456610
231067179
281081360
470792589
019689817
954092868
506817662
741768758
246522272
317150334
518548354
471734037
931443954
120903295
784414440
652844956
850846058
049194745
380304003
149884483
883586049
627455982
679796647
055829495
594518129
217932659
718976109
756469182
032535288
176533327
554045786
547220932
272231169
802195292
004983965
189613700
549011443
757107674
584305916
923302231
685542776
153343196
441787998
917402794
252122566
417432299
449317772
128706269
080911143
239307824
598201993
434470269
317766935
145990348
653853373
858793496
160336431
218895853
255952792
285946251
028309303
100965850
167484284
353895152
311845766
839665424
690989767
712165626
083189881
510441883
740710360
358179473
297963553
938911326
601125142
486688429
810126531
271032521
591435604
025665758
449314366
642891977
948623061
255463454
511732520
294564771
589188746
436573156
607086459
186145489
596823118
002944875
337006992
265693145
059296492
739941603
791277406
783290950
937532118
286533340
900158818
057160912
770650671
440539993
922000039
982711111
792137446
403180458
362591329
412797097
069265191
745646833
159777609
668156254
162633677
988922883
593239463
949546980
167957194
587059360
867214241
956660840
803028208
050523687
338454588
322046338
775612061
420738898
833544027
164962044
559598379
224072313
695318532
217277273
398598609
406811611
222264167
168960966
678104302
895308679
367910849
078948425
373016719
197752922
849395878
373338000
070542697
200199450
005280626
189351737
455553293
865486441
747143283
351463172
580463821
570625504
293479074
359849237
320717286
509478660
324661609
049254860
796644549
670925641
775898577
354658175
809898408
669814581
088410780
756804166
750030608
711012653
638769491
227335074
973936532
558102495
556408489
090945783
351011130
897792254
962592688
384720430
211008482
358970020
463191621
754380144
045132489
716654286
349059653
933738421
382897241
377653900
260487299
844043821
807993193
927006265
571971086
722056365
382330684
956649945
114947211
328693399
863268511
303992007
059644098
748926874
747367866
976423294
605131835
034821198
986206598
994270542
335753525
854424349
916626235
799659392
219698720
262165005
612494258
713957414
559956260
529953596
962217040
232601388
190280030
655302392
062175971
115609128
672238129
091054486
501579231
882902990
350189518
904203735
593346995
679914804
485895228
212644983
902991739
238842801
145365956
610112285
286671951
897247268
478612638
180943787
224024897
104664948
678778994
026149396
726636013
296221726
714436360
474235459
719548491
921725548
645668472
130231889
784215082
725440573
588540903
416828659
623825536
033583351
756194602
104526468
805946391
117534705
156891078
408362053
208376943
285271462
488100308
715514079
690617728
726641692
204788219
375333323
704369517
546695132
934676348
321955602
696571122
315237077
462583942
901197025
969643178
402956970
262079367
455114710
799787862
764137852
218041511
115678549
341788889
092484023
664127847
070698023
051781580
060099415
075016524
362070775
482179557
802031076
088612882
557788089
392024417
641487386
230347250
812851215
938844547
179625944
819150986
563034752
879664816
847380781
226376370
534108914
449875649
557870946
176623589
580961379
928155381
647335730